67952 74892
45469 63765
72450 87604
60045 6716
62568 60690
59672 86524
27767 27482
23468 80879
57700 17768
66543 19942
33598 5417
85868 86428
25967 13620
16585 95896
90191 76282
9471 71210
83297 91017
58378 80528
97690 12822
37138 85870
10853 98010
65629 24407
9495 10817
44003 75980
90323 90856
38052 18691
29415 94476
30042 2390
97581 51258
96778 96720
54786 72877
12362 76817
2215 44144
85925 1359
44175 76253
26136 47084
14844 60713
70955 77643
84279 36875
48749 61393
9736 66067
68921 51978
46781 58814
81950 71060
4764 46810
5008 14035
39197 87136
12772 26123
45622 3467
92270 23809
43203 14949
80312 66758
36882 34835
98136 63637
47363 75739
37974 94128
53883 11716
91220 1417
36776 65260
81854 86392
47613 11299
89011 91304
16087 86165
75382 84478
33715 97820
20406 76666
41331 35318
51414 21414
53176 59887
76862 83769
7736 53589
98837 72099
45260 41582
63802 1033
20064 23065
11708 68820
40892 95929
51241 4742
86632 48307
87076 38003
86318 96269
95276 46634
48405 8095
53773 16490
27657 95377
54010 97922
77168 71192
43423 75868
76316 37614
12357 50209
10519 83174
31328 76148
36363 25693
90318 18607
89034 44474
3646 3330
74758 70585
16085 62378
9297 70455
72585 43898
25035 25739
12721 49638
16327 26636
75024 40933
65896 66185
28678 94924
68456 42668
90802 80230
78384 47589
36317 18218
71801 79942
50900 26241
3607 67815
78244 9498
58054 69757
29996 54804
27235 36411
4423 1232
45322 73471
76187 63567
29714 13116
78128 47984
53071 88024
17411 78525
707 38821
24678 9612
41675 6606
45659 15280
38156 88200
43603 98574
84993 45684
88588 28296
5807 34515
61213 8350
80907 39695
89784 38
35028 55018
92281 73971
21307 64540
69684 32463
12573 4273
13212 37498
49643 72993
39654 89146
63246 83914
25131 85678
67539 11827
87372 60119
13381 41643
49657 65565
24653 24074
83586 374
56807 81343
88401 51719
74726 88278
12475 27449
87483 18087
22029 12304
65899 21521
81371 8747
41982 18586
70290 3212
73128 22380
31708 37276
9775 45269
10702 26580
15126 7286
13886 62528
82224 73764
44544 53646
33204 41910
44636 15534
44073 81249
72372 92189
44031 23725
62407 70771
96489 64071
80505 78881
87212 78838
88846 23496
91815 97480
32257 89753
41755 94070
52051 62392
87461 85669
35019 28874
75695 42299
65504 45090
29704 525
56771 31675
4063 31021
27738 13070
44546 20314
63651 15400
55265 43963
24366 42263
88912 23722
81754 70291
12589 13746
76236 50891
55917 20184
77798 1101
50684 70905
97750 46308
43396 7282
82717 30138
71865 53439
72176 96112
8957 89238
58972 99843
65797 66198
68425 73931
35343 93654
49282 92695
34206 27148
70972 81604
83751 1624
92054 15713
97454 48714
25835 36830
40577 7465
26117 47938
84043 37614
60098 11856
35133 15005
21115 50945
32802 15837
94161 53209
90665 67639
27368 17137
40774 53841
31352 18568
52914 24218
99478 14893
5480 37244
52431 81020
98873 78250
55559 65260
84965 93780
30125 43355
38955 90068
39539 36147
22461 13878
24454 62781
5661 3817
57418 4916
75664 63917
35974 57235
59692 75316
70519 72472
19466 72695
78590 86416
17182 60262
66122 58108
19456 79397
99837 99159
97648 49698
39407 56903
22239 12916
73907 50869
23772 84344
27611 66625
92109 9457
47730 46537
83695 83589
25834 11651
18215 73761
85480 66680
68264 46155
41994 92039
5240 98801
2507 83705
30486 81275
27174 91529
30489 43979
83577 26550
12796 45982
85446 51375
43296 64343
48127 91593
98870 32993
7286 32510
88081 98233
42912 58325
54935 47895
12096 93929
70559 65773
32443 50640
547 37585
9605 39785
72210 82632
33524 3636
17341 45635
75326 58004
38787 77385
35334 13981
48731 4180
207 85488
2576 27368
15357 51753
85546 98182
10123 62108
85249 33901
94600 61915
84628 7896
54418 4244
23422 67574
82508 47151
84328 68385
65122 76969
95659 14570
15813 57802
72079 18452
41677 8504
90919 51334
87036 96687
42412 90267
43659 47791
77165 59081
19170 29983
65082 8660
18479 76468
72971 83667
34955 59728
3832 64105
33923 75587
49967 10978
39966 14041
37899 46916
60575 4374
31467 62485
72833 97563
19431 3165
95636 8051
2246 10065
32392 40501
38497 9216
4102 818
74175 53164
95914 87061
11851 95103
95944 588
49448 19747
3667 50752
82210 66144
40213 70740
90929 13764
50665 34537
35533 5581
37704 74055
26398 57767
10424 35119
69073 58129
50150 33898
50616 20060
61053 29166
58586 68353
47830 34320
5 800
22970 99755
90719 17784
66801 33899
93435 25115
12465 51148
70514 28502
28807 92265
86790 19733
4215 150
45354 78942
76059 80336
71374 73663
44812 59292
82208 22935
27874 76759
14127 2711
98518 1220
65181 14320
40857 85069
31458 16630
97057 39104
20114 34598
16662 6728
86499 30679
27019 12222
4877 23468
99854 95475
51698 14894
10996 89969
23163 75726
1884 14679
94062 97165
70572 33874
63541 74957
61781 17415
83190 45266
3780 73923
90718 81235
47007 80948
35975 71925
61763 38991
96131 31095
99357 96059
88025 43627
84488 4338
26218 90753
1869 32454
38128 77127
78252 43629
45712 32331
54980 66419
9322 63740
86205 86804
24394 79305
32853 20762
49595 89339
35494 24574
2970 74622
1206 82879
97487 34608
77068 36781
45715 42679
39917 35538
61720 86392
54324 98090
62151 88415
63673 31456
88802 8008
52276 71832
49011 53689
48580 55053
7408 82267
92817 56675
81233 84103
78096 90056
38659 67891
33295 61329
76362 99690
19612 84339
68789 4590
40904 78130
86827 8215
32986 43661
90928 62304
75103 25365
67923 79793
94299 40995
35080 24091
28726 5518
76305 84244
84122 91174
73094 70595
78359 4565
80894 49857
88046 1867
82900 9921
92464 94878
58525 54755
2126 4338
28366 33195
99405 48456
50623 13062
41513 29892
6056 26325
94238 68658
58890 39748
85043 65135
62671 49959
81326 40196
45525 32687
57330 91345
92367 82360
48184 38890
71517 8843
79893 83544
92447 91657
53422 82113
87171 54678
26344 3181
48002 13177
20709 44147
92810 60966
46342 93580
13499 3112
21887 38974
83247 20807
47829 59925
72065 61390
16425 91452
76351 29859
29515 84306
71657 64486
52116 852
78101 23841
92749 13005
99634 6539
27412 3594
23952 64083
84769 83324
8590 7662
39730 34554
19438 34813
64657 34830
13051 64824
95206 42358
40876 6986
43006 86622
31332 77874
47413 87253
60026 37929
85646 97966
3736 91434
8705 49225
11419 67745
19007 63079
33467 68941
50007 16156
98989 72792
69958 10381
30341 10571
14157 68937
2373 12998
74654 2219
84484 65272
24752 90301
5344 90454
69720 92298
28321 69097
87022 20707
98329 63213
34955 19858
26603 64163
44300 83410
65836 74714
91542 10426
32594 7300
46690 20591
88110 92087
19890 32866
45100 2175
1555 30082
54510 63445
79160 93132
48704 52712
65311 45264
65902 21750
10662 84852
13970 79570
2947 91778
92302 44122
57209 63782
72356 70024
2884 28027
20865 77033
45794 37851
37631 4041
57950 42122
79699 3034
94704 20887
75803 3968
88323 23021
28062 93884
36367 68253
12141 90624
52970 22855
11734 37337
13807 94670
56433 75416
39465 64432
19783 62556
7392 95323
10706 10868
55663 91620
82579 20033
34299 49399
53983 69739
50619 39105
63058 49169
38070 28593
87988 3673
99199 39349
32313 29454
49465 19627
90909 80809
85186 81657
26922 61333
91782 68312
23992 44908
24213 96470
99934 18444
13768 56677
68363 35248
86093 55029
15337 9739
70386 11703
12511 21090
41450 5157
67749 89050
85000 8333
29392 12786
84509 58580
74630 67387
12764 67087
59515 10482
64400 30232
88399 48761
88726 2407
5920 72454
92202 86687
42956 27823
71015 69515
89063 60125
84841 72301
22662 70516
4268 70420
24995 95073
30989 55757
30095 38503
45770 4504
11252 45486
44574 18998
71199 44911
94758 25099
47649 50109
65530 20115
97368 62188
56968 9899
83995 19551
60348 82973
82068 81440
85733 83469
89661 84168
25618 11257
70234 4408
66273 38329
64016 83600
60931 13349
21116 80094
24599 94340
94290 3992
6151 85421
70005 14637
1548 21609
75209 77193
32655 44921
18109 27808
89688 55079
24369 2344
28734 57990
58993 53804
26663 40070
49809 15968
14828 4852
87509 46146
36718 39657
78672 30005
71995 63686
67527 3751
20004 27308
46871 85362
63788 85102
78481 26553
2203 44710
25777 63935
65031 82008
25909 41399
41547 41995
19624 59253
3007 40178
69503 1225
92671 16464
38849 55998
17983 85121
35449 2732
96765 57128
85838 57080
77836 21746
79144 85646
78582 59263
897 12844
87845 18820
78766 80062
55086 50193
67469 83692
24170 60869
20306 29573
19125 23064
60134 43542
15627 23208
31206 812
4011 57943
38904 33943
36344 63376
17304 50855
42992 11351
41026 52340
13495 50993
59859 68254
84575 77894
78518 26613
5467 79414
66120 16439
66350 72670
11707 18837
14532 54712
56210 91655
93908 72741
47146 94355
23709 10761
39102 88108
69045 46277
24714 21148
36071 88026
28988 19430
58696 75885
80966 8063
99403 6386
13324 23528
46132 67742
74390 52118
48778 37751
40951 68538
37233 2289
37936 10923
60268 57565
33815 32015
35605 2053
71189 68290
63821 57954
93503 13248
64798 87697
53421 15236
37872 46456
86934 97986
26737 97458
58631 83881
8789 19470
44447 64263
89662 44696
10050 82064
59303 16059
30529 20335
64382 97191
84105 61788
19093 88397
13741 18095
60757 72213
43260 40148
85187 28227
86194 81481
66077 16072
76367 74232
61296 1783
36570 5430
26229 79814
83631 84097
16330 29031
93341 91191
55991 44844
71879 16110
80138 50507
95142 68209
36986 96620
30626 7789
92333 76942
32580 47143
15562 70450
18602 68581
95950 80489
89799 30379
14663 93901
81655 81411
41612 3612
54461 74294
42241 66166
53529 50334
99311 68136
3620 66218
81009 82836
67109 43968
90398 81681
3496 83686
53619 11914
74465 55506
62878 35256
88993 31030
27302 30730
16786 81000
77048 45873
36671 49065
63456 94165
11190 11555
45114 67231
5342 7377
28764 49152
16958 52640
82594 48196
81803 57722
29887 54847
91268 63739
34678 3240
25181 27923
61022 71915
74571 50727
70162 88481
45035 53646
5984 14206
86837 29917
37914 6938
56594 23929
65867 37984
6741 68270
30280 56626
55380 47056
28358 39825
14796 31103
80293 29467
80534 24640
20676 50259
71286 70000
23871 10259
42161 55118
9430 26881
88731 13503
37855 7277
43926 7572
702 28993
58354 66706
89682 98117
36789 98666
26322 67024
40665 94293
49839 72615
29581 78129
20535 78016
26356 33051
48311 41681
69999 41524
43882 73752
39139 4911
77965 9880
70664 70625
60506 70238
66698 321
3665 38858
40344 24662
66325 67376
25087 49386
67755 62702
25187 52709
35193 67538
79906 45281
61982 36584
34420 84612
75237 28665
31344 98089
23624 61740
66611 73095
83706 3729
96074 15321
73193 4531
74442 84710
99738 18285
65547 85211
9238 4931
68410 16996
99400 59528
77788 84872
50258 29432
89028 99540
63006 85611
90402 11175
2803 89890
88461 47171
3732 84353
42722 70275
85278 16159
83163 33653
70302 81109
5181 36621
52503 60282
36022 23817
24172 44765
23245 12923
8912 85071
37683 14278
69292 93863
41382 66868
7742 89851
31083 14277
43422 63143
73741 70378
14900 74135
92543 67891
73061 4382
9824 45718
21932 19594
79195 98794
11604 19069
55175 82146
35995 40610
69683 15502
49887 20302
95959 34693
84779 20218
32780 53714
38242 11227
72424 70988
735 72793
36419 72071
5057 32436
87249 24202
29896 67005
58732 27322
41062 50021
83417 29491
47356 32015
7348 80721
28636 29179
83515 78220
42662 47791
68756 62808
4090 7153
45121 12214
58162 56312
68536 283
41378 46370
38001 1255
91303 74864
99665 9662
47298 81103
60225 13279
52082 8859
54463 78024
68487 33188
41497 99900
93933 73472
60387 75133
12612 17620
89849 87982
53453 86932
96466 30247
84748 52612
15444 5428
41774 28124
93006 33832
29778 61092
73117 15949
12933 58690
1879 15788
72038 26858
60861 88628
5282 41245
95013 72278
19395 68752
35005 2922
22425 16973
27623 38108
12963 63472
69129 91678
60687 93112
65012 55671
72558 48392
82653 12157
37155 3618
62004 25485
62596 48986
75387 10278
20444 88261
24417 19519
23984 48996
94356 87069
6642 21566
3688 71515
53475 11742
32905 71414
89053 84257
76149 10967
55631 62377
95882 1105
22749 17597
40076 45037
10502 95879
70453 76360
82838 27278
73853 17286
4087 60051
22908 92177
73212 17767
66401 37992
32656 90790
1280 99625
94321 80288
14387 40202
16031 33062
11830 20561
47643 99152
44304 15740
72264 43213
54245 69683
65959 55073
